62
1 1
1 1
4 1
5 1
5 1
5 0
5 1
7 1
7 1
7 1
7 1
7 1
6 1
6 1
6 1
2 1
8 1
8 1
8 1
8 1
8 1
2 1
2 1
2 1
2 1
2 1
2 1
2 1
2 1
2 1
2 1
2 1
2 1
2 1
2 1
2 1
2 1
2 1
2 1
2 1
2 1
2 1
2 1
2 1
2 1
2 1
2 1
2 1
2 1
2 1
2 1
2 1
2 1
3 1
3 1
3 1
3 1
3 1
3 1
2 1
2 1
2 1

67
1 2 _abcdefghijklmnopqrstuvwxyzABCDEFGHIJKLMNOPQRSTUVWXYZ
2 2 abcdefghijklmnopqrstuvwxyzABCDEFGHIJKLMNOPQRSTUVWXYZ1234567890

1 3 1234567890
3 3 1234567890

3 4 .
4 4 1234567890
1 5 .
5 5 1234567890
4 6 e
5 6 e
3 6 e
6 7 1234567890  
7 7 1234567890

1 8 '
8 9 \
9 10 abefnrtv\'"?
10 12 '
11 12 '

1 13 "
13 14 \
13 15 "

1 16 / 
16 17 /

16 19 *
19 20 *
20 21 /


1 22 - 
22 23 - 
22 24 = 
22 25 >

1 26 + 
26 27 + 
26 28 =

1 29 &
29 30 &
29 31 =

1 32 <
32 33 =
32 34 <
34 35 =

1 36 >
36 37 =
36 38 >
38 39 =

1 40 ^
40 41 =

1 42 |
42 43 =

1 44 %
44 45 =

1 16 /
16 47 =

1 48 !
48 49 =

1 50 =  
50 51 =

1 52 ~ 
1 53 ?

1 54 ( 
1 55 ) 
1 56 [
1 57 ]
1 58 {
1 59 }

1 60 *
60 61 =

1 62 ;,



6
8 11 \' 
13 13 "\
17 17 NEWLINE
19 19 *
20 19 / 
14 13